
===== AAPL =====
Val Loss: 0.000333
kan_hidden_dim: 16
grid: 21
k: 2
lambda_reg: 2.6715043789407973e-05
lamb_entropy: 1.134403836291155
lamb_l1: 0.5277577169538109
kan_lr: 0.009146560306086796
