
===== NVDA =====
Val Loss: 0.002179
kan_hidden_dim: 13
grid: 7
k: 2
lambda_reg: 0.00020923509152597237
lamb_entropy: 1.4074233647718077
lamb_l1: 0.7293519378519173
kan_lr: 0.004675641235511533
