
===== KO =====
Val Loss: 0.000383
kan_hidden_dim: 16
grid: 21
k: 2
lambda_reg: 2.1348999901951964e-05
lamb_entropy: 1.0408361292114134
lamb_l1: 0.16533819011891496
kan_lr: 0.006586289317583112
